10,172
50,4
50,3
50,2
50,1
10,223
50,0
49,3
49,2
49,1
10,138
49,0
48,3
48,2
48,1
10,35
48,0
10,33
47,4
47,3
47,2
47,1
10,254
47,0
44,7
44,6
44,5
10,2
44,4
44,3
44,2
44,1
10,3
44,0
43,4
43,3
43,2
43,1
11,26
11,29
11,12
11,16
11,8
11,15
11,27
43,0
42,5
42,4
42,3
42,2
42,1
42,0
41,4
41,3
41,2
41,1
41,0
40,3
40,2
40,1
8,17
8,10
8,14
40,0
38,3
38,2
38,1
8,7
8,6
0,439
38,0
35,3
35,2
35,1
35,0
34,3
34,1
33,3
33,1
32,3
32,1
24,3
24,1
20,3
20,2
20,1
19,2
12,3
19,1
12,2
19,3
12,1
11,28
11,25
11,24
11,18
11,17
11,14
11,10
11,9
11,3
11,2
11,1
10,300
10,267
10,257
10,252
10,249
10,240
10,154
10,135
10,126
10,108
10,106
10,98
10,9
